0.8402
0.6486
-0.4019
-0.4019
0.6588
-0.4019
0.6808
0.8402
-0.4019
0.3612
-0.4019
0.4215
-0.4019
-0.4466
-0.4019
0.9286
-0.4019
-0.4019
0.0
0.0
-0.4019
0.0
0.0
0.0
0.0
0.0
-0.5423
-0.8689
0.0
-0.5874
0.0
-0.4648
-0.1027
0.0
0.0
-0.2732
-0.3182
0.7003
-0.7622
-0.3612
-0.1027
0.8868
-0.296
0.358
-0.6486
-0.7845
0.4888
-0.9153
0.5574
0.296
0.0
0.6582
0.0
-0.8957
-0.296
-0.4404
0.1695
0.4724
0.0516
-0.6597
0.4939
-0.3182
0.0
-0.296
0.7739
-0.296
0.6908
-0.8074
0.0
0.9403
0.4215
-0.7783
0.0
-0.2263
0.8306
-0.9313
0.6582
0.4019
0.0
0.0
-0.194
0.1531
-0.8957
0.3612
-0.0772
0.7769
0.0
0.0
0.0
-0.8316
0.0
-0.296
0.3182
0.0459
0.5719
0.128
0.0
0.0
0.358
-0.4033
0.0
-0.4717
0.3875
0.4019
0.0
0.0
0.3612
0.0
-0.9022
0.0
0.0
0.0
0.0
0.6486
0.0
-0.25
-0.296
-0.0
-0.6249
0.0
0.4588
-0.0772
-0.7964
0.0
0.3382
-0.5499
0.3612
0.0
0.3182
-0.8957
-0.8957
-0.6808
0.0
-0.4767
0.2023
0.0
-0.296
-0.5423
0.0
0.4767
0.3832
0.25
0.0
0.0
0.7506
-0.3818
-0.34
0.796
0.7339
0.0
0.0
0.1027
-0.5423
0.0
0.4588
0.0
-0.4404
-0.6369
-0.5423
0.3559
0.3612
0.6705
-0.0258
0.358
0.2003
-0.8074
-0.3612
0.0
-0.2617
0.4754
-0.3182
-0.5994
0.34
0.4753
-0.5994
0.666
-0.6369
-0.6908
0.8832
-0.3182
-0.2023
-0.5423
-0.8957
0.0
0.5719
0.0
-0.34
0.0
0.0
0.0
-0.5661
0.0
-0.4023
0.1027
-0.3716
0.0
0.4767
0.0
-0.8689
0.0
0.0
-0.2263
-0.7644
0.9403
0.0
0.4588
-0.7184
-0.9425
-0.5423
0.34
0.8385
0.75
-0.5574
-0.2263
0.1027
0.4888
0.1027
0.34
-0.1695
0.6705
-0.5574
-0.128
-0.2732
0.3818
-0.5423
0.4588
-0.6757
0.0
0.0516
-0.5106
-0.7476
0.7263
-0.1027
-0.5994
0.2732
0.6124
0.4767
-0.2682
-0.3612
0.4019
0.0
-0.5423
0.0
0.6249
-0.5848
0.6249
0.3182
0.0
-0.8957
-0.5913
-0.6249
0.0
-0.7351
-0.5629
-0.4215
0.4767
0.3182
-0.5499
0.5719
0.0
-0.5574
-0.5423
-0.7845
0.5106
-0.5859
0.5255
-0.6486
-0.2238
0.34
-0.9153
-0.296
0.0
0.1027
-0.5106
-0.0772
0.3134
0.9403
0.3612
0.0
0.0
0.0
0.4019
0.3134
0.0
-0.4019
0.0772
0.34
0.0
-0.5719
0.0
0.0
-0.5574
0.0
-0.8531
0.4199
0.0
-0.25
0.765
0.3182
-0.1045
0.1027
-0.5255
-0.4588
-0.5574
-0.5267
-0.9062
0.1531
0.0
0.0
-0.4939
-0.8986
0.4019
-0.9313
0.2023
0.743
0.0
-0.5106
-0.5859
-0.5719
-0.8957
0.0
0.6892
-0.5829
-0.2732
-0.4767
0.3818
0.0
-0.5719
0.0
0.0
0.8555
-0.34
0.3818
0.3182
0.0
0.128
-0.765
0.3182
-0.7933
-0.8126
-0.34
0.4588
0.0
0.7902
0.0
0.1027
-0.8074
0.0
-0.7269
0.0
0.0
0.0258
0.1027
-0.6139
0.1027
0.0
0.0
-0.3612
0.0
-0.2263
-0.625
-0.296
-0.0521
0.0
-0.296
0.0
0.0
-0.8957
0.144
0.2732
0.5106
-0.4939
0.0
0.0
0.0
-0.2263
-0.0772
0.666
-0.1027
-0.2023
0.0
0.4754
0.7641
-0.2732
0.0
0.34
0.0
0.0
0.0
0.0
0.4939
-0.34
0.0772
-0.3252
-0.128
0.6597
0.0
0.6249
-0.4019
0.0
0.0
-0.7964
-0.2584
0.0
-0.4767
0.0
0.4023
-0.1027
-0.0516
-0.8268
0.3182
-0.4767
0.3887
-0.6249
0.0
-0.8271
0.4019
-0.296
0.0
0.0
-0.8271
-0.0644
-0.5859
0.0
-0.8391
-0.3924
0.3818
0.0
-0.5684
-0.6037
-0.2732
0.1027
0.0
0.885
0.0
-0.7264
-0.8689
-0.7684
0.5106
0.0
0.3182
0.0
-0.4767
0.0
0.0
-0.5267
0.4588
0.688
0.6705
0.6597
0.0
-0.128
0.4215
-0.8074
-0.5707
0.0
0.2481
0.0
-0.0772
0.0
0.0
-0.2023
0.0
0.0
0.0
0.0
-0.296
-0.5423
-0.7178
0.0
-0.4767
-0.0521
0.34
0.0
-0.2732
-0.6249
-0.7696
0.0
-0.5267
0.5093
0.4019
0.7506
0.666
-0.5267
0.3595
0.0
0.4767
0.0
0.5859
0.0
-0.6597
0.0
-0.3818
-0.128
0.2263
0.2732
-0.5719
-0.34
-0.296
-0.2023
-0.2263
0.7964
0.8056
-0.6486
0.0
-0.6124
-0.5106
0.8052
0.6892
-0.6908
-0.296
-0.4767
0.4939
-0.8573
0.0
-0.4767
-0.6037
-0.3818
0.0
0.0
-0.942
-0.6597
0.9403
-0.765
-0.5994
-0.4824
-0.128
0.0
-0.5994
0.0
0.0
-0.296
-0.5994
0.0
0.1531
0.0
-0.1511
0.0258
-0.3818
0.0
0.296
0.4215
0.0
-0.0258
-0.4767
0.4364
0.5267
0.0
0.34
0.0
-0.7964
0.0772
0.0
-0.5994
0.6705
0.0
0.0772
-0.5255
-0.3612
-0.8957
-0.6739
-0.4588
-0.5994
0.0
-0.5994
0.3612
0.0
-0.3182
0.5147
0.0
-0.5093
0.0
0.8433
-0.4767
0.0
0.0
-0.0521
0.0
0.8316
0.0
-0.296
-0.5423
